C=10;
R=10;